plot ...
fig 2-1:
[105.0, 110.0, 115.0, 120.0, 125.0, 130.0, 135.0, 140.0, 145.0, 150.0, 155.0, 160.0, 165.0, 170.0, 175.0, 180.0, 185.0, 190.0, 195.0, 200.0, 205.0, 210.0, 215.0, 220.0, 225.0, 230.0, 235.0, 240.0, 245.0, 250.0, 255.0, 260.0, 265.0, 270.0, 275.0, 280.0, 285.0, 290.0, 295.0, 300.0]
[0.05077301295040991, 0.04660707489430861, 0.04349033605233653, 0.04296573644527192, 0.0389026610572225, 0.038511782918625344, 0.03797689704475555, 0.035888784883302306, 0.03516874620693911, 0.033893249123095756, 0.03382124525545944, 0.034839585669173084, 0.03726714463519755, 0.03796661077795036, 0.03823405371488526, 0.036084223952600886, 0.03513788740652355, 0.03391382165670613, 0.031126243352500076, 0.030128475472396804, 0.027443759836242632, 0.024604750198010637, 0.02380242138720594, 0.021333717353960727, 0.019122169990845223, 0.0174557947684047, 0.015336823806535895, 0.013732166184926505, 0.01203493216207042, 0.011746916691525144, 0.010440560807266219, 0.008969624654124278, 0.007961570507215816, 0.006830081158645093, 0.0057603094109055, 0.005112274602178632, 0.004237941923737618, 0.004207083123322053, 0.0034870444469588652, 0.0036824835162574446]
fig 2-2:
[25.0, 30.0, 35.0, 40.0, 45.0, 50.0, 55.0, 60.0, 65.0, 70.0, 75.0, 80.0, 85.0, 90.0, 95.0, 100.0, 105.0, 110.0]
[0.0014970511107315456, 0.004229922937033427, 0.013654311808618593, 0.03515558279496428, 0.059028021983542484, 0.07854997036039747, 0.08676868048508475, 0.08094123320841162, 0.07641993790754453, 0.07457123049563444, 0.07877101146399541, 0.09385204312310985, 0.1054968903535653, 0.0840559033045645, 0.057792201267972146, 0.03709471611289172, 0.021109425393603873, 0.011011865888334053]
fig 2-3:
[105.0, 110.0, 115.0, 120.0, 125.0, 130.0, 135.0, 140.0, 145.0, 150.0, 155.0, 160.0, 165.0, 170.0, 175.0, 180.0, 185.0, 190.0, 195.0, 200.0, 205.0, 210.0, 215.0, 220.0, 225.0, 230.0, 235.0, 240.0, 245.0, 250.0, 255.0, 260.0, 265.0, 270.0, 275.0, 280.0, 285.0, 290.0, 295.0, 300.0]
[0.054702216154030925, 0.052439286481839674, 0.048077773985158216, 0.04686413572521207, 0.044348364748865374, 0.043299073336620274, 0.04236356051124512, 0.04146597388149328, 0.042287708119998484, 0.044765552900721865, 0.04762265963767841, 0.0527932643076573, 0.0567249465872745, 0.053008179416189426, 0.04514481485695503, 0.03750900747146054, 0.032894653670623636, 0.027875753783138012, 0.02596680193676439, 0.021200743353434217, 0.018330994551269894, 0.016662241943843945, 0.015183120314534582, 0.012806412055473382, 0.01160541586073501, 0.009974589448932378, 0.00879887738460955, 0.008293194776298656, 0.006510663582002756, 0.005802707930367505, 0.0044879331487591816, 0.0038811140187861087, 0.003413357606098532, 0.0024652027155156065, 0.0021238669549057533, 0.002111224889697981, 0.001845741520334762, 0.0017193208682570384, 0.0013779851076471852, 0.0012515644555694619]
fig 2-4:
[25.0, 30.0, 35.0, 40.0, 45.0, 50.0, 55.0, 60.0, 65.0, 70.0, 75.0, 80.0, 85.0, 90.0, 95.0, 100.0, 105.0, 110.0]
[0.013364305538795704, 0.032802381239692695, 0.05706729415550461, 0.08068862877599453, 0.09015124089940067, 0.08896464341740075, 0.08132215116045212, 0.07731989863641849, 0.07951208720485901, 0.08384618478741804, 0.10515465990909456, 0.14613249668154943, 0.06367402759341942, 0.0, 0.0, 0.0, 0.0, 0.0]
fig 3-1:
[6.0, 7.0, 8.0, 9.0, 10.0, 11.0, 12.0, 13.0, 14.0, 15.0, 16.0, 17.0, 18.0, 19.0, 20.0, 21.0, 22.0, 23.0, 24.0]
[0.0008961269284311295, 0.017116726100802837, 0.09009157306584793, 0.2623125536337459, 0.12556211979633478, 0.02486424226243826, 0.010250233604759816, 0.00965296821068289, 0.007775129197734511, 0.005723373824825035, 0.007574210034516295, 0.016884227388012738, 0.07370117660519843, 0.1433772573847709, 0.09897946185091248, 0.04462449703464978, 0.03160563702587769, 0.024822898987394877, 0.0041855870630637506]
fig 3-2:
[6.0, 7.0, 8.0, 9.0, 10.0, 11.0, 12.0, 13.0, 14.0, 15.0, 16.0, 17.0, 18.0, 19.0, 20.0, 21.0, 22.0, 23.0, 24.0]
[0.002252484742650125, 0.0254093080765349, 0.12056360350679013, 0.19372991549463384, 0.09340081020934089, 0.038165124215721054, 0.02614856662725457, 0.0253854174038592, 0.023815394518397846, 0.02232425592950719, 0.026847256111166454, 0.03764944629985319, 0.05863357072247648, 0.08436878363570059, 0.07179327446010461, 0.053340659806287216, 0.05295299983456836, 0.03696923827970929, 0.006249890125444062]
fig 3-3:
[6.0, 7.0, 8.0, 9.0, 10.0, 11.0, 12.0, 13.0, 14.0, 15.0, 16.0, 17.0, 18.0, 19.0, 20.0, 21.0, 22.0, 23.0, 24.0]
[0.0007774098090845889, 0.009651225227067175, 0.0477480417865414, 0.12280799472081343, 0.06962895238509262, 0.0354490721856763, 0.034288561343543474, 0.039988887353012995, 0.04406714728638467, 0.04090418636370892, 0.04322690619085156, 0.054822844640644096, 0.110395928804341, 0.14794220744309608, 0.08386176709427036, 0.048601188767939604, 0.03954193614779005, 0.023052629183672152, 0.0032431132664695237]
fig 3-4:
[6.0, 7.0, 8.0, 9.0, 10.0, 11.0, 12.0, 13.0, 14.0, 15.0, 16.0, 17.0, 18.0, 19.0, 20.0, 21.0, 22.0, 23.0, 24.0]
[0.0011230866243711333, 0.01681079753914311, 0.08522068353475641, 0.2142739189501837, 0.10541849186022487, 0.0300421404972833, 0.019300448458047296, 0.02025421867947372, 0.01993128860450257, 0.0177064505879862, 0.020181764230834582, 0.030348685113904966, 0.08006907836149171, 0.1333526260726608, 0.09003374124306061, 0.04727392483870778, 0.037641408852431626, 0.0266776597161885, 0.004339586234747122]
fig 4-1:
[6.0, 7.0, 8.0, 9.0, 10.0, 11.0, 12.0, 13.0, 14.0, 15.0, 16.0, 17.0, 18.0, 19.0, 20.0, 21.0, 22.0, 23.0, 24.0]
[0.0015768618758571968, 0.02048145835217089, 0.08277426284242452, 0.1673459454115094, 0.11123805628534947, 0.05328288952755832, 0.03505264234220607, 0.03514728785672697, 0.035795440621347804, 0.032080604176402336, 0.03408675106455077, 0.043902842999147346, 0.06736225486177952, 0.08677134573245911, 0.06775689285536222, 0.04550674645058194, 0.043383982767755964, 0.031096966864774377, 0.005356767112035783]
fig 4-2:
[6.0, 7.0, 8.0, 9.0, 10.0, 11.0, 12.0, 13.0, 14.0, 15.0, 16.0, 17.0, 18.0, 19.0, 20.0, 21.0, 22.0, 23.0, 24.0]
[0.0007500714488240032, 0.007552677269333261, 0.03310029155638696, 0.07950418469831652, 0.05859368381099555, 0.043318885420938064, 0.047281612292134755, 0.055683768069774715, 0.06177922821714568, 0.061203119122416404, 0.06567417754778598, 0.07503425589862288, 0.10755279023190085, 0.12227746091777568, 0.07022318014479542, 0.046577855496024285, 0.039681490744412025, 0.021109315006286367, 0.0031019521061305916]
fig 4-3:
[6.0, 7.0, 8.0, 9.0, 10.0, 11.0, 12.0, 13.0, 14.0, 15.0, 16.0, 17.0, 18.0, 19.0, 20.0, 21.0, 22.0, 23.0, 24.0]
[0.00122304231049612, 0.014948670896233803, 0.06151661113828983, 0.1297546374090453, 0.0887092407856089, 0.04901885902237829, 0.04028595019268959, 0.043935740486857854, 0.046915032881951764, 0.044543394314641896, 0.047604384002413215, 0.057225327901027356, 0.08456153208044814, 0.10196595591633424, 0.06881232439916234, 0.04596512057360201, 0.041799525478920165, 0.02682281645857222, 0.004391833751326977]
fig 5-1:
[1.0, 2.0, 3.0, 4.0, 5.0, 6.0, 7.0, 8.0, 9.0, 10.0, 11.0, 12.0, 13.0, 14.0, 15.0, 16.0, 17.0, 18.0, 19.0, 20.0, 21.0, 22.0, 23.0, 24.0, 25.0, 26.0, 27.0, 28.0, 29.0, 30.0, 31.0, 32.0, 33.0, 34.0, 35.0, 36.0, 37.0, 38.0, 39.0, 40.0, 41.0, 42.0, 43.0, 44.0, 45.0, 46.0, 47.0, 48.0, 49.0, 50.0]
[0.042276166506680424, 0.0625480123119158, 0.05123117427689712, 0.05319371375522499, 0.06042732073667454, 0.064137492795774, 0.06064561907963508, 0.05789827144949061, 0.058644112585743875, 0.05696216330474068, 0.05052907586504179, 0.04763783405131617, 0.041472809224897614, 0.03859990890162365, 0.03321955380067866, 0.02901374622035522, 0.02687450551514775, 0.023026806884246576, 0.021126905326140425, 0.017672822001649074, 0.014304632223008715, 0.013247193388591745, 0.011586838617101454, 0.009350076553228354, 0.008354029801945818, 0.007301366676363432, 0.0057896125841173625, 0.005357860820202383, 0.004776816245328024, 0.0035051626450699424, 0.003184636447780704, 0.00236812866340991, 0.0023011995265542215, 0.002043726528515792, 0.0016874863347244489, 0.0014463476451637262, 0.0011404946402358176, 0.0009523040268846106, 0.0008816373787670739, 0.0005794526719294978, 0.000520136983940537, 0.0003632999372859453, 0.0004046202006808223, 0.00020320987157011533, 0.00020507862720103943, 0.0003239868558650238, 0.00023248704312125933, 0.00016361993746313102, 0.0002058399720877122, 8.070255798731419e-05]
fig 1:
[0, 0, 0, 0, 0, 13160, 196984, 998591, 2510799, 1235263, 352025, 226157, 237333, 233549, 207479, 236484, 355617, 938226, 1562587, 1054989, 553942, 441071, 312601, 50850]
[0, 0, 0, 0, 0, 2530, 30923, 127254, 268412, 183505, 101401, 83336, 90886, 97049, 92143, 98475, 118377, 174925, 210928, 142346, 95084, 86467, 55486, 9085]
[0, 0, 0, 0, 0, 1160, 11370, 53219, 114995, 71874, 33266, 24487, 26559, 27571, 26002, 26933, 30997, 48743, 63953, 41134, 26624, 24112, 16788, 2588]
end of plot